Symbol,Name
TLV:ARYT,ARYT
TLV:AVIA,AVIATION LINKS
TLV:BCNV,BRACK CAPIT N V
TLV:ELAL,EL AL
TLV:GOLF,GOLF
TLV:ISCD,ISRACARD
TLV:MAXO,MAX STOCK
TLV:NICE,NICE
TLV:PERI,PERION NETWORK
TLV:SARN,SARINE TECH
TLV:SMNIN,SHEMEN INDUSTRY
TLV:TGI,TGI
TLV:TLSY,TELSYS
TLV:UWAY,USERWAY
